110 12741 0
110 13264 0
110 13285 0
110 14956 0
110 15458 0
110 16827 0
110 18552 0
110 19408 0
110 19413 0
110 21659 0
110 22541 0
110 22546 0
110 23408 0
110 25590 0
110 25645 0
110 26495 0
110 26529 0
110 27404 1
110 28185 1
110 29675 0
110 30597 0
110 32982 0
110 3595 0
110 3601 0
110 38356 1
110 38920 0
110 39858 0
110 4046 0
110 41791 1
110 42439 1
110 42441 0
110 46387 0
110 4839 0
110 53133 0
110 53185 0
110 53296 0
110 54109 0
110 54671 0
110 56638 0
110 58418 0
110 59210 0
110 60008 0
110 60334 0
110 61409 0
110 6163 0
110 6304 0
110 64271 0
110 68775 0
110 68777 0
110 69330 0
110 69331 0
110 71167 0
110 72320 0
110 72796 0
110 7486 0
110 75429 0
110 75431 0
110 75433 0
110 75434 0
110 75435 0
110 76397 0
110 76441 0
110 78572 0
110 78574 0
110 78577 0
110 78580 0
110 78582 0
110 78584 0
110 78595 0
110 79552 0
110 79565 0
110 79578 0
110 80280 0
110 80283 0
110 8052 0
110 81474 0
110 82163 0
110 82164 0
110 82190 0
110 82907 0
110 82908 0
110 82926 0
110 83264 0
110 83267 0
110 83804 0
110 83809 0
110 83813 0
110 85147 0
110 85987 0
110 86950 0
110 9456 0
