112 12858 0
112 13348 0
112 13364 0
112 14376 0
112 15927 0
112 16894 0
112 17276 0
112 18246 0
112 18250 0
112 19797 0
112 22002 0
112 22021 0
112 22961 0
112 23536 0
112 27128 0
112 27209 0
112 27966 0
112 30217 0
112 31141 0
112 34745 0
112 38350 0
112 38383 0
112 39944 0
112 39961 0
112 41121 0
112 42641 0
112 47596 0
112 48882 0
112 5166 0
112 53046 0
112 5410 0
112 5418 0
112 54208 0
112 54214 0
112 54220 0
112 54467 0
112 58748 1
112 59464 1
112 6104 0
112 61149 0
112 64800 0
112 6635 0
112 68028 0
112 68780 0
112 69471 0
112 70466 1
112 73326 0
112 78115 1
112 78125 0
112 78269 1
112 7937 0
112 81350 0
112 83201 0
112 83304 0
112 85553 0
112 85601 0
112 8620 0
