102 10182 0
102 11083 0
102 11481 0
102 11485 0
102 11922 0
102 11923 0
102 11930 0
102 11960 0
102 11979 0
102 12479 0
102 12767 0
102 12769 1
102 12812 0
102 12825 0
102 13313 0
102 13314 0
102 13320 0
102 13332 0
102 13335 0
102 13342 0
102 13345 0
102 14707 0
102 14713 0
102 15077 0
102 15082 0
102 15200 0
102 16390 0
102 16575 0
102 16897 0
102 16899 0
102 16922 0
102 16954 0
102 17517 0
102 17587 0
102 17609 0
102 17619 0
102 19033 0
102 19599 0
102 19601 0
102 19615 0
102 19634 0
102 19781 0
102 20127 0
102 20133 0
102 20156 0
102 20160 0
102 20199 0
102 20201 0
102 20688 0
102 20705 0
102 20766 0
102 21895 0
102 22690 0
102 22751 0
102 22858 0
102 23377 0
102 24485 0
102 24490 0
102 24515 0
102 24550 0
102 25096 0
102 25100 0
102 25103 0
102 25205 0
102 25699 0
102 26061 0
102 26080 0
102 26603 0
102 26611 0
102 27384 0
102 27386 0
102 27870 0
102 28657 0
102 28662 0
102 29314 0
102 29894 0
102 29904 0
102 29906 0
102 29908 0
102 29911 0
102 29913 0
102 29920 0
102 29935 0
102 30456 0
102 30486 0
102 32366 0
102 3265 0
102 33172 0
102 33188 0
102 33203 0
102 33668 0
102 35396 0
102 36447 0
102 37078 0
102 3827 0
102 3828 0
102 3833 0
102 3834 0
102 3835 0
102 3837 0
102 38442 0
102 39349 0
102 3972 0
102 3976 0
102 41541 0
102 41594 0
102 4306 0
102 4310 0
102 4358 0
102 4395 0
102 44163 0
102 4439 0
102 44758 0
102 44865 0
102 46736 0
102 47516 0
102 47551 0
102 48805 0
102 4881 0
102 4933 0
102 49815 0
102 49856 0
102 49884 0
102 51210 0
102 53469 0
102 53502 0
102 53523 0
102 53682 0
102 54745 0
102 54762 0
102 54780 0
102 56829 0
102 57914 0
102 58476 1
102 5862 0
102 58755 0
102 61689 0
102 64626 0
102 64645 0
102 64657 0
102 64664 0
102 6497 0
102 6498 0
102 6503 0
102 65036 0
102 65306 0
102 6534 0
102 65364 0
102 65394 0
102 65414 0
102 65446 0
102 66107 0
102 6635 0
102 6636 0
102 67280 0
102 6735 0
102 67861 0
102 68419 0
102 68909 0
102 70306 0
102 70668 0
102 71001 0
102 7115 0
102 7118 0
102 71368 0
102 73038 1
102 73320 0
102 73598 0
102 73614 0
102 73641 0
102 73706 0
102 73746 0
102 73762 0
102 7502 0
102 75563 0
102 76635 1
102 76675 0
102 76690 0
102 76766 0
102 77310 0
102 78836 1
102 78982 0
102 79021 0
102 7937 0
102 79759 0
102 81494 0
102 81731 0
102 82227 0
102 8327 0
102 8333 0
102 8455 0
102 85372 0
102 86912 0
102 86929 0
102 9358 0
102 9479 0
102 9703 0
102 9726 0
102 9790 0
