138 10228 0
138 18110 0
138 18216 0
138 20785 0
138 20823 0
138 20837 0
138 20892 0
138 20899 1
138 21088 0
138 21089 0
138 21110 0
138 22407 0
138 22446 0
138 22692 0
138 22894 0
138 25174 0
138 2552 0
138 30182 0
138 35333 0
138 36554 0
138 36618 0
138 37729 0
138 37732 0
138 38479 0
138 40341 0
138 44872 0
138 46725 0
138 46942 0
138 47003 0
138 47015 0
138 47078 0
138 47257 0
138 47663 0
138 47714 0
138 48174 0
138 48181 0
138 48268 0
138 48342 0
138 4955 0
138 4973 0
138 4976 0
138 49872 1
138 49889 0
138 5014 0
138 50366 0
138 50408 0
138 50413 0
138 50734 0
138 53572 0
138 54315 0
138 54749 0
138 56045 0
138 56055 1
138 56066 0
138 56150 0
138 56244 0
138 56248 0
138 56252 0
138 56253 0
138 56318 0
138 56319 0
138 57866 0
138 58787 0
138 58956 0
138 59382 0
138 59417 0
138 59561 0
138 59577 0
138 60030 1
138 60088 1
138 60709 0
138 62056 0
138 62544 0
138 62620 0
138 64742 0
138 65378 0
138 65477 0
138 65544 0
138 66012 0
138 66119 0
138 67551 0
138 67787 0
138 67793 0
138 67886 0
138 67894 0
138 67968 0
138 68024 0
138 68513 0
138 69426 0
138 69536 0
138 73012 0
138 74775 0
138 75463 0
138 7576 0
138 77921 0
138 77971 0
138 82540 0
138 8466 0
