103 14069 0
103 14314 1
103 16391 0
103 19146 0
103 20159 0
103 21894 0
103 21897 0
103 22021 0
103 24107 0
103 26258 0
103 26385 0
103 26386 0
103 26432 0
103 26642 0
103 26644 0
103 27106 0
103 2738 0
103 27426 0
103 27537 0
103 29311 0
103 29339 0
103 31472 0
103 31553 0
103 34793 0
103 37101 0
103 39658 0
103 42847 0
103 43566 0
103 46863 0
103 46864 0
103 46865 0
103 46874 0
103 49104 0
103 53387 0
103 54533 0
103 54540 0
103 54609 0
103 55692 1
103 56704 0
103 59022 0
103 59459 0
103 6062 0
103 61141 0
103 63966 1
103 66866 0
103 68724 0
103 70200 0
103 71622 0
103 72468 0
103 72569 0
103 75108 0
103 77171 0
103 78569 0
103 78586 0
103 79396 0
103 80988 1
103 81463 0
103 82912 0
103 83370 0
103 83883 0
103 84873 0
103 85889 0
103 9117 0
103 9272 1
