133 10759 0
133 13884 0
133 28126 0
133 28762 1
133 28903 0
133 32575 0
133 32662 0
133 35755 0
133 35853 0
133 37425 0
133 37672 0
133 4786 0
133 48566 0
133 49709 1
133 54814 0
133 54844 1
133 54925 0
133 5650 1
133 56511 0
133 57569 0
133 58507 0
133 60471 0
133 60811 0
133 61461 0
133 61652 0
133 62187 0
133 62586 0
133 64967 0
133 65692 0
133 67204 0
133 6939 0
133 71102 0
133 73186 0
133 74652 0
133 74681 0
133 74695 0
133 77779 0
133 78878 0
133 79525 0
133 81694 0
133 82290 0
133 84398 1
133 85281 0
133 85806 0
133 86304 0
133 8780 0
133 9544 0
