111 10710 0
111 11807 0
111 12851 0
111 13057 1
111 18100 0
111 18163 0
111 18164 0
111 18648 0
111 18706 1
111 18798 0
111 18859 0
111 19440 0
111 19990 0
111 22382 1
111 22660 0
111 23643 0
111 27440 0
111 28923 1
111 30059 0
111 32520 0
111 37856 0
111 39303 0
111 39410 0
111 4157 0
111 45422 0
111 46228 0
111 46485 0
111 46968 0
111 47049 0
111 49617 0
111 49650 0
111 50034 0
111 52020 0
111 54232 0
111 54771 0
111 56209 0
111 57753 0
111 61895 0
111 64858 0
111 65283 0
111 65899 0
111 6630 0
111 66338 0
111 67401 0
111 68969 0
111 73312 0
111 75763 1
111 77444 0
111 7776 0
111 78879 0
111 8928 0
111 9871 0
