128 13342 0
128 15875 0
128 16343 0
128 16575 0
128 16954 0
128 20973 0
128 22751 0
128 24214 1
128 24515 0
128 25134 0
128 25172 0
128 26085 0
128 26088 0
128 26598 0
128 27215 1
128 28598 0
128 32366 0
128 37136 0
128 3740 0
128 39173 0
128 39335 0
128 3972 0
128 4933 0
128 49879 0
128 56170 0
128 58476 0
128 58888 0
128 59464 0
128 60528 0
128 61170 0
128 64033 1
128 64070 1
128 65394 0
128 66923 0
128 66961 1
128 67634 0
128 67861 0
128 68037 0
128 70233 0
128 71345 0
128 73326 0
128 75201 0
128 75591 0
128 76675 0
128 77428 0
128 78727 0
128 80709 0
128 80893 0
128 84584 0
128 9591 0
128 9846 0
