115 11352 0
115 11732 0
115 14554 0
115 15606 1
115 17078 0
115 19930 0
115 20316 0
115 21688 0
115 22584 0
115 28761 0
115 29045 0
115 35782 0
115 3627 0
115 38068 0
115 39400 0
115 4075 0
115 43604 0
115 44554 0
115 44746 1
115 46714 0
115 48443 0
115 50020 0
115 52066 0
115 53345 0
115 5671 0
115 57152 0
115 58137 1
115 58894 0
115 61561 0
115 61647 1
115 62192 0
115 62221 0
115 65206 0
115 67715 0
115 6985 0
115 70456 0
115 75452 0
115 76605 0
115 77790 1
115 79396 0
115 79601 0
115 80477 0
115 8125 0
115 81480 0
115 86068 0
115 9611 0
