145 11106 1
145 11606 0
145 12097 0
145 12850 0
145 14501 0
145 14502 0
145 14503 0
145 14504 0
145 14505 0
145 14506 0
145 14507 0
145 14512 0
145 14673 0
145 15211 0
145 15641 0
145 16169 0
145 17278 0
145 17305 0
145 17317 0
145 17318 0
145 17361 0
145 17371 0
145 17647 0
145 17648 0
145 17651 0
145 17652 0
145 17653 0
145 17654 0
145 17687 0
145 17688 0
145 17689 0
145 18001 0
145 18525 0
145 18536 0
145 19026 0
145 19028 0
145 21077 0
145 21738 0
145 22691 0
145 22862 0
145 26068 0
145 26072 0
145 27378 0
145 27970 0
145 28025 0
145 28622 0
145 29196 0
145 29200 0
145 29248 0
145 29271 0
145 29684 0
145 29892 0
145 29895 0
145 29910 0
145 29916 0
145 29958 0
145 29984 0
145 32232 0
145 32472 1
145 33147 0
145 33155 0
145 33759 0
145 35017 0
145 35545 0
145 36575 0
145 3781 0
145 40278 0
145 41447 0
145 41461 0
145 4300 1
145 43860 0
145 44236 0
145 45707 0
145 45721 0
145 45735 0
145 48364 0
145 50193 0
145 51917 0
145 52836 0
145 54291 1
145 60586 0
145 6237 1
145 6299 0
145 67785 0
145 68048 0
145 69370 0
145 7057 0
145 76651 0
145 7773 0
145 79732 0
145 8169 0
145 82244 0
145 86184 0
145 86381 0
145 8796 0
