132 28202 0
132 30846 0
132 35258 0
132 37594 0
132 39184 0
132 4017 0
132 48981 1
132 53131 0
132 53133 0
132 54214 0
132 54492 0
132 55419 0
132 58292 0
132 58293 0
132 58301 0
132 61290 0
132 61293 0
132 61298 0
132 61302 0
132 61315 0
132 61329 0
132 61382 0
132 62744 0
132 62747 0
132 62784 0
132 64122 0
132 64176 0
132 64294 0
132 64322 0
132 64800 0
132 65174 0
132 65677 0
132 65683 0
132 65757 0
132 65789 0
132 65850 0
132 65932 0
132 65951 0
132 65957 0
132 66981 0
132 66987 0
132 67067 0
132 67115 0
132 67140 0
132 68140 0
132 68141 0
132 68145 0
132 68296 0
132 68370 1
132 68719 0
132 68720 0
132 68722 0
132 68741 0
132 68765 0
132 68768 0
132 68777 0
132 68780 0
132 68784 0
132 69276 0
132 69279 0
132 69282 0
132 69307 0
132 69324 0
132 69325 0
132 70329 0
132 70633 0
132 70650 0
132 71307 0
132 71577 0
132 71676 0
132 71706 0
132 71710 0
132 72704 0
132 72873 0
132 72888 0
132 74091 0
132 74189 0
132 7486 1
132 75414 0
132 75872 0
132 77086 0
132 78520 0
132 78577 0
132 79565 0
132 80078 0
132 81715 0
132 81732 0
132 82634 0
132 82847 0
132 82870 0
132 83222 0
132 83252 0
132 83258 0
132 83260 0
132 83765 0
132 85099 0
132 85553 1
132 86229 0
132 86326 0
132 86626 0
132 9343 0
132 9420 0
132 9843 1
