107 10117 0
107 15865 0
107 17736 0
107 17930 0
107 18297 0
107 18529 0
107 18552 0
107 20760 0
107 23437 0
107 25590 0
107 28185 0
107 31249 0
107 31404 1
107 3169 0
107 31761 0
107 31947 0
107 36212 0
107 37330 1
107 38356 0
107 41791 0
107 42439 0
107 42848 0
107 45161 0
107 45168 0
107 45642 0
107 47338 0
107 48098 0
107 48786 0
107 51576 0
107 52237 0
107 55602 0
107 57876 0
107 58209 0
107 59244 0
107 59521 0
107 60334 0
107 61532 0
107 62594 0
107 63648 0
107 63689 0
107 66686 0
107 67107 0
107 67411 0
107 67673 1
107 69377 1
107 71157 1
107 71159 0
107 71894 0
107 72535 0
107 75282 0
107 7535 0
107 7622 0
107 76772 0
107 77936 0
107 78164 0
107 79823 0
107 79950 0
107 8007 0
107 86286 0
107 86459 0
107 9462 0
