129 11342 0
129 11360 0
129 11669 0
129 15746 0
129 16655 0
129 16727 0
129 16900 0
129 20126 0
129 21791 0
129 22696 0
129 22875 0
129 24350 0
129 24499 0
129 24827 0
129 3142 0
129 31459 0
129 35148 1
129 41297 1
129 43886 0
129 44081 1
129 46494 1
129 46509 0
129 47225 0
129 49804 0
129 51258 0
129 55197 0
129 55879 0
129 58143 0
129 58426 0
129 58611 0
129 63773 0
129 64275 0
129 64685 0
129 67400 0
129 67535 0
129 71186 0
129 72821 0
129 72826 0
129 72895 0
129 72899 0
129 73037 0
129 73475 0
129 75465 0
129 75487 0
129 75590 0
129 75593 0
129 75714 0
129 76669 1
129 78782 0
129 81788 0
129 82198 0
129 82927 0
129 83185 0
129 83266 0
129 83268 0
129 83312 0
129 83332 0
129 83336 0
129 83339 0
129 83364 0
129 83427 0
129 83428 0
129 8369 0
129 83880 0
129 83913 0
129 83946 0
129 83958 0
129 85393 0
129 86751 0
129 86881 0
129 9413 0
129 9660 0
