122 13984 0
122 16877 0
122 29942 0
122 34274 0
122 36421 0
122 36966 0
122 36985 0
122 36992 0
122 37094 0
122 38244 0
122 39110 0
122 39149 0
122 39150 0
122 39153 0
122 39922 0
122 4408 0
122 44789 0
122 44818 0
122 44857 0
122 45278 0
122 53615 0
122 53720 0
122 54157 0
122 54175 0
122 54203 0
122 54747 0
122 55832 0
122 59532 0
122 61683 0
122 61698 0
122 61721 0
122 61734 0
122 62470 0
122 64629 0
122 64651 0
122 65315 0
122 65439 0
122 66005 0
122 66084 0
122 66820 0
122 67261 0
122 67267 0
122 67271 0
122 67794 0
122 68421 0
122 68853 0
122 68856 0
122 68862 0
122 68865 0
122 68921 0
122 69428 0
122 69461 0
122 70648 0
122 7121 0
122 71255 0
122 72052 1
122 72267 0
122 73186 0
122 74775 1
122 75018 0
122 76564 0
122 77921 0
122 77971 1
122 78866 0
122 79418 1
122 80435 0
122 82415 0
122 84331 1
122 86159 0
122 86296 0
