120 10994 0
120 11627 0
120 12555 0
120 15690 0
120 15861 0
120 16241 0
120 20830 0
120 21067 0
120 21903 0
120 22083 0
120 22769 0
120 23601 1
120 23947 0
120 24062 0
120 24271 0
120 25918 0
120 26947 0
120 2786 0
120 3149 0
120 3156 0
120 32907 0
120 33737 0
120 34178 0
120 36959 0
120 39184 1
120 39652 0
120 39712 0
120 43393 1
120 4527 0
120 45819 0
120 45828 0
120 47759 0
120 47783 0
120 48981 1
120 49144 0
120 49288 1
120 49328 0
120 55400 0
120 57033 0
120 62781 0
120 64800 0
120 67460 0
120 69629 0
120 69633 0
120 71406 0
120 71759 0
120 71948 0
120 75135 0
120 75338 0
120 78091 0
120 78092 0
120 81047 0
120 86836 0
120 9980 0
