144 11633 0
144 12579 0
144 12658 0
144 12855 0
144 12856 0
144 13135 0
144 13382 0
144 13385 0
144 14752 0
144 17505 0
144 19626 1
144 19669 0
144 19700 0
144 19705 0
144 24481 0
144 24483 0
144 24492 0
144 24598 0
144 26110 0
144 26257 0
144 26578 0
144 27525 0
144 27535 0
144 27814 0
144 30016 0
144 32470 0
144 3364 0
144 33964 0
144 33969 0
144 35258 0
144 35292 0
144 36318 1
144 36435 0
144 39972 0
144 43899 1
144 44236 0
144 47896 0
144 49230 0
144 5410 0
144 5418 0
144 6596 0
144 67280 0
144 69511 1
144 71648 0
144 71904 0
144 73106 0
144 7359 0
144 74200 0
144 81347 0
144 81949 1
