113 12293 0
113 12556 0
113 12557 0
113 13607 0
113 13685 1
113 13690 1
113 17030 0
113 17217 0
113 18151 0
113 18364 0
113 2323 0
113 23253 0
113 24251 0
113 24446 0
113 2451 0
113 24826 0
113 25467 0
113 25500 0
113 30405 0
113 31267 0
113 31268 0
113 32579 0
113 33766 0
113 33767 0
113 35652 0
113 35765 0
113 35766 0
113 36580 0
113 36588 0
113 37815 1
113 37816 1
113 38143 0
113 38335 0
113 38629 0
113 40234 0
113 4053 0
113 43200 0
113 43262 1
113 43612 0
113 43868 0
113 43994 0
113 47661 0
113 47712 0
113 5316 0
113 56691 0
113 65408 0
113 67741 0
113 67983 0
113 69316 0
113 75767 0
113 76103 0
113 7722 0
113 78846 0
113 79404 0
113 80504 0
113 81997 0
113 82337 0
113 84403 0
113 85209 0
113 85642 0
113 86042 0
113 86209 0
113 86255 0
113 86259 0
113 86276 0
113 86289 0
113 86541 0
113 86961 0
