136 11114 0
136 12740 0
136 15404 0
136 19365 0
136 19488 0
136 22906 0
136 25548 0
136 25956 0
136 26322 0
136 34428 1
136 35104 1
136 3610 0
136 3641 0
136 37153 0
136 41487 0
136 42907 1
136 43806 0
136 43962 0
136 46422 0
136 48692 0
136 52913 0
136 54695 0
136 55797 0
136 55914 0
136 5650 0
136 58126 0
136 58438 1
136 59914 0
136 60227 0
136 60305 0
136 61191 0
136 64168 0
136 70629 0
136 70643 0
136 72605 0
136 72885 0
136 73988 0
136 76750 0
136 76779 0
136 78418 0
136 79605 1
136 82677 0
136 83238 0
136 84892 0
136 8768 0
136 9473 0
