108 10759 0
108 10810 0
108 14838 0
108 14942 0
108 19961 0
108 22169 0
108 22662 0
108 26058 0
108 2829 1
108 32662 0
108 33970 0
108 35073 0
108 43241 0
108 44714 0
108 49460 0
108 49600 0
108 49709 1
108 50264 0
108 50314 0
108 5176 0
108 5177 0
108 52263 0
108 52301 0
108 54765 0
108 54814 0
108 54925 0
108 5650 1
108 56511 0
108 57755 0
108 58507 0
108 58553 0
108 61652 1
108 63369 0
108 63616 0
108 67204 0
108 76314 0
108 76353 0
108 77920 0
108 78878 1
108 79295 0
108 80449 0
108 80518 0
108 81929 0
108 82290 0
108 82392 0
108 82981 0
108 83932 0
108 84272 0
108 84364 0
108 84420 0
108 85265 0
108 8780 0
108 8938 0
