141 17505 0
141 19480 0
141 19505 0
141 25144 0
141 25765 0
141 27814 0
141 28710 0
141 33060 0
141 35053 0
141 39304 1
141 39864 1
141 39883 0
141 39972 0
141 41320 0
141 43628 0
141 47192 0
141 49518 0
141 50327 0
141 51691 1
141 52215 0
141 55848 0
141 57150 0
141 58503 0
141 58514 0
141 59351 1
141 60155 0
141 60221 0
141 6119 0
141 61475 0
141 61663 0
141 62212 0
141 62213 0
141 62292 0
141 63259 0
141 65284 0
141 70026 0
141 71517 0
141 75471 0
141 75561 0
141 75641 0
141 76612 0
141 78720 0
141 80497 0
141 80643 0
141 81592 0
141 82226 0
141 82966 0
141 83314 0
141 83315 0
141 83332 0
141 83429 0
141 83965 0
141 85214 0
141 85236 0
141 86878 0
141 9954 1
