147 10397 0
147 10398 0
147 12919 0
147 13217 0
147 15581 0
147 15582 0
147 16007 0
147 17450 0
147 23293 0
147 24789 0
147 27402 0
147 27441 0
147 27845 0
147 27911 0
147 27921 0
147 29390 1
147 29922 0
147 29928 0
147 30473 0
147 33229 0
147 33285 0
147 33736 0
147 34675 0
147 36398 0
147 41481 0
147 44101 1
147 45740 0
147 46876 0
147 48893 0
147 49752 0
147 55718 0
147 56691 1
147 58581 0
147 58800 0
147 59813 0
147 61777 0
147 63415 0
147 63648 0
147 64153 0
147 64694 0
147 6661 0
147 66693 0
147 67058 0
147 67613 0
147 70409 0
147 73146 0
147 74003 0
147 74497 0
147 75754 0
147 76089 0
147 76092 0
147 77124 0
147 77181 1
147 77719 0
147 80840 0
147 81325 0
147 81420 0
147 82440 1
147 83609 0
147 84758 0
147 86421 0
147 86492 0
