143 11690 0
143 11744 0
143 11852 0
143 12097 0
143 13519 0
143 13600 0
143 15211 0
143 15334 0
143 15583 0
143 16678 0
143 20778 0
143 21077 0
143 21265 0
143 21673 0
143 23698 1
143 2510 0
143 2511 0
143 28717 0
143 29116 0
143 2977 0
143 30864 1
143 33769 0
143 3666 0
143 37657 0
143 41351 0
143 43129 0
143 44232 1
143 5175 0
143 5185 0
143 5189 0
143 60421 0
143 62309 0
143 63379 0
143 64896 0
143 7041 0
143 72032 0
143 72134 1
143 74605 1
143 75564 0
143 76550 0
143 77430 0
143 77431 0
143 77687 0
143 7798 0
143 7799 0
143 78628 0
143 81564 0
143 8310 0
143 8511 0
143 85188 0
143 8828 0
143 8872 0
