123 10515 0
123 12873 0
123 12874 0
123 12875 0
123 12881 0
123 13485 0
123 15623 1
123 15628 0
123 20315 0
123 22431 0
123 23326 0
123 23436 0
123 2454 1
123 26681 0
123 29079 0
123 29677 0
123 30089 0
123 36083 0
123 37440 1
123 38305 0
123 42609 0
123 42697 0
123 42824 0
123 46933 0
123 46991 0
123 47025 0
123 47027 0
123 47085 0
123 47699 0
123 48085 0
123 48360 0
123 50367 0
123 5075 0
123 54794 1
123 55119 1
123 65061 0
123 66425 0
123 67235 0
123 68284 0
123 68520 0
123 70379 0
123 73790 0
123 75032 0
123 76835 0
123 78018 0
123 78194 0
123 79476 0
123 7964 0
123 85067 0
123 85953 0
123 9382 0
