140 11288 0
140 11825 0
140 12877 0
140 13065 0
140 13069 0
140 13885 1
140 13939 0
140 16137 1
140 16139 0
140 16767 0
140 17115 0
140 18151 0
140 18393 0
140 20461 0
140 22244 0
140 22321 0
140 25063 0
140 2789 0
140 28761 0
140 29728 0
140 33779 1
140 35214 0
140 35785 0
140 35886 1
140 36005 0
140 38058 0
140 38134 0
140 40745 0
140 42848 0
140 42862 0
140 42990 0
140 43139 0
140 44009 0
140 44400 0
140 45138 0
140 45396 1
140 45414 0
140 46402 0
140 46978 0
140 47161 0
140 55052 0
140 55086 0
140 56423 0
140 57378 0
140 58343 0
140 58983 0
140 66336 0
140 67528 0
140 6857 0
140 69819 0
140 70874 0
140 72912 0
140 74567 0
140 77680 0
140 77763 0
140 80790 0
140 82249 0
140 8751 0
140 9557 0
