137 11151 0
137 11889 0
137 13233 0
137 15646 0
137 15811 0
137 21408 0
137 21644 0
137 22546 0
137 23165 0
137 24560 0
137 27297 1
137 28529 0
137 30000 0
137 30868 0
137 33539 0
137 3401 0
137 39136 0
137 4650 0
137 46874 0
137 47449 0
137 48265 0
137 49235 0
137 49674 0
137 50142 0
137 51789 0
137 52319 1
137 53354 0
137 54780 0
137 55560 0
137 56624 0
137 5951 0
137 61252 1
137 62388 0
137 63616 0
137 65604 0
137 66879 1
137 74200 0
137 74640 0
137 77179 0
137 78455 0
137 78456 0
137 78483 0
137 80039 0
137 80107 0
137 81237 0
137 81418 0
137 81444 0
137 82828 0
137 85108 0
137 85322 1
