150 19408 0
150 19409 0
150 19411 1
150 19417 0
150 19420 1
150 19885 0
150 23349 0
150 23361 0
150 26648 1
150 3148 0
150 39907 1
150 50614 0
150 53269 0
150 53361 1
150 54538 0
150 6318 0
150 64482 0
150 64772 0
150 67327 0
150 75429 0
150 75431 0
150 75433 0
150 75435 0
150 76403 0
150 76408 0
150 76411 0
150 78572 0
150 78574 0
150 78577 0
150 78580 0
150 78582 0
150 79548 0
150 79552 0
150 79565 0
150 80280 0
150 80282 0
150 80283 0
150 80285 0
150 80290 0
150 81462 0
150 81465 0
150 82162 0
150 82188 0
150 82191 0
150 82908 0
150 83267 0
150 83810 0
150 83868 0
150 85411 0
150 85535 0
150 85997 0
