104 11083 0
104 11481 0
104 11485 0
104 11923 0
104 11930 0
104 11960 0
104 11979 0
104 12479 0
104 12812 0
104 12825 0
104 13313 0
104 13314 0
104 13320 0
104 13332 0
104 13335 0
104 13342 0
104 13345 0
104 14707 0
104 14713 0
104 15077 0
104 15082 0
104 15200 0
104 16390 0
104 16897 0
104 16899 0
104 16922 0
104 16954 0
104 17517 0
104 17587 0
104 17609 0
104 17619 0
104 19033 0
104 19224 1
104 19599 0
104 19601 0
104 19615 0
104 19634 0
104 19781 0
104 20127 0
104 20133 0
104 20156 0
104 20160 0
104 20199 0
104 20201 0
104 20688 0
104 20705 0
104 20766 0
104 21895 0
104 22690 0
104 22751 0
104 22961 0
104 23377 0
104 24485 0
104 24490 0
104 24494 0
104 24498 0
104 24515 0
104 24550 0
104 25096 0
104 25100 0
104 25103 0
104 25205 1
104 25699 0
104 25824 0
104 26080 0
104 26113 0
104 26582 0
104 26598 0
104 26603 0
104 26611 0
104 27384 0
104 27386 0
104 27870 0
104 27892 0
104 27966 0
104 28657 0
104 28662 0
104 29894 0
104 29904 0
104 29906 0
104 29908 0
104 29911 0
104 29913 0
104 29920 0
104 29935 0
104 30456 0
104 30486 0
104 31141 0
104 3265 0
104 33172 0
104 33203 0
104 33668 0
104 35396 0
104 36447 0
104 37078 0
104 37688 0
104 3827 0
104 3828 0
104 3833 0
104 3834 0
104 3835 0
104 3837 1
104 38442 0
104 39349 0
104 3972 0
104 3976 0
104 39893 0
104 39895 0
104 39939 0
104 41594 0
104 42529 0
104 4306 0
104 4310 0
104 43392 0
104 4358 0
104 4395 0
104 44163 0
104 44237 0
104 4439 0
104 44758 0
104 44865 0
104 46736 0
104 46832 0
104 47551 0
104 4762 0
104 4881 0
104 49815 0
104 49856 0
104 49884 0
104 50641 0
104 51210 0
104 53469 0
104 53502 0
104 53515 0
104 53523 0
104 53560 0
104 53682 0
104 53721 0
104 54745 0
104 54762 0
104 56040 0
104 56149 0
104 56829 0
104 5862 0
104 58755 0
104 61689 0
104 64626 0
104 64645 0
104 64657 0
104 64664 0
104 6497 0
104 6498 0
104 6503 0
104 65036 0
104 65306 0
104 6534 0
104 65364 0
104 65394 0
104 65446 0
104 66107 0
104 6635 0
104 6636 0
104 67280 0
104 6735 0
104 6793 0
104 68419 0
104 70668 0
104 71001 0
104 7115 0
104 7118 0
104 71368 0
104 73320 0
104 73598 0
104 73614 0
104 73641 0
104 73706 0
104 73746 0
104 73762 0
104 7502 0
104 75949 0
104 76690 0
104 76766 0
104 77310 1
104 79021 0
104 7937 0
104 81731 0
104 8327 0
104 8333 0
104 8455 0
104 85438 0
104 9591 1
104 9703 0
104 9726 0
104 9790 0
