106 16723 0
106 16841 1
106 19526 0
106 25029 0
106 2800 0
106 31281 0
106 32528 1
106 32963 0
106 35782 0
106 3648 0
106 41355 0
106 41521 0
106 44597 0
106 46632 0
106 47424 0
106 49023 0
106 49731 0
106 50516 0
106 51441 1
106 53259 1
106 53364 0
106 55891 0
106 55974 0
106 56686 0
106 59301 0
106 61487 0
106 61644 0
106 6386 0
106 6399 0
106 6409 0
106 64336 0
106 67135 0
106 67169 0
106 68829 0
106 70606 0
106 70619 0
106 70854 0
106 73731 0
106 75558 0
106 76481 1
106 76556 0
106 7914 0
106 8085 0
106 86068 0
