121 10675 0
121 11445 0
121 13221 0
121 13294 1
121 13309 0
121 13518 0
121 14439 0
121 14486 0
121 14556 0
121 14655 0
121 14772 0
121 15074 1
121 15288 0
121 15410 0
121 15415 1
121 16632 0
121 16992 0
121 17004 1
121 17782 0
121 17787 0
121 17857 1
121 18345 0
121 20412 0
121 20858 0
121 23121 0
121 25392 0
121 28141 0
121 29520 0
121 29535 0
121 29645 0
121 31141 0
121 33391 0
121 34744 0
121 34792 0
121 37711 0
121 3868 0
121 38684 0
121 3885 0
121 39215 0
121 42245 0
121 43938 0
121 44187 0
121 45050 0
121 45221 0
121 46229 0
121 46302 0
121 47899 0
121 49980 0
121 50029 0
121 5108 0
121 5140 0
121 54296 0
121 57102 0
121 58913 0
121 59764 0
121 62800 0
121 65688 0
121 6604 0
121 68028 0
121 71564 0
121 71726 0
121 7289 0
121 7320 0
121 73326 0
121 73898 0
121 75327 0
121 75389 0
121 75560 0
121 75621 0
121 77009 0
121 77066 0
121 7730 0
121 79604 0
121 79669 0
121 80049 0
121 81408 0
121 82630 0
121 9384 0
121 9819 0
121 9820 0
121 9993 0
