116 13248 0
116 20188 0
116 22679 0
116 24911 0
116 26903 0
116 32034 0
116 3541 0
116 43329 0
116 49463 0
116 49575 0
116 51927 0
116 52741 0
116 52940 0
116 53140 0
116 60110 0
116 66894 0
116 67922 0
116 68716 0
116 68718 0
116 70303 0
116 71542 1
116 71543 1
116 71555 1
116 72816 0
116 73431 0
116 74010 0
116 74017 1
116 75243 0
116 76422 0
116 77250 0
116 78749 0
116 78863 0
116 79369 0
116 79559 0
116 79585 0
116 79864 0
116 81084 0
116 82279 0
116 82598 0
116 82609 0
116 82616 1
116 82679 0
116 83284 0
116 83291 0
116 85143 0
116 86514 0
